Iter	f-f*	Time
0	0.63093771	0.2607
1	0.37536208	2.2697
2	0.26176970	3.6829
3	0.21001023	5.0883
4	0.18270312	6.4728
5	0.18270312	7.0088
6	0.09634744	8.3848
7	0.05880334	9.9549
8	0.04783501	11.4699
9	0.04651146	12.9394
10	0.04651146	13.4823
11	0.00985929	14.9301
12	0.00815992	16.3736
13	0.00840879	17.7840
14	0.00840879	18.3001
15	0.00257672	19.6432
16	0.00096084	21.1037
17	0.00096250	22.5292
18	0.00097889	23.9032
19	0.00097889	24.4537
20	0.00012490	25.8672
21	0.00009120	27.2922
22	0.00009897	28.7102
23	0.00009897	29.2228
24	0.00004534	30.5942
25	0.00000556	32.0428
26	0.00000801	33.5211
27	0.00000960	34.9815
28	0.00000998	36.3581
29	0.00000998	36.9198
30	0.00000439	38.3774
31	0.00000067	39.8009
32	0.00000089	41.2150
33	0.00000099	42.6351
34	0.00000099	43.2600
35	0.00000044	44.8010
36	0.00000007	46.2253
37	0.00000009	47.7240
38	0.00000010	49.1690
39	0.00000010	49.7660
40	0.00000004	51.1979
41	0.00000001	52.5952
42	0.00000001	54.0825
43	0.00000001	55.6940
44	0.00000001	56.2276
45	0.00000001	56.4502
46	0.00000002	57.8896
47	0.00000004	59.2746
48	0.00000008	60.6957
49	0.00000016	62.1482
50	0.00000032	63.6695
51	0.00000063	65.2249
52	0.00000126	66.5992
53	0.00000253	68.0098
54	0.00000505	69.4381
55	0.00001011	70.9015
56	0.00002023	72.3596
57	0.00004050	73.7812
58	0.00008115	75.3781
59	0.00016290	76.7894
60	0.00032825	78.2154
61	0.00066634	79.6498
62	0.00137250	81.0838
63	0.00290818	82.5201
64	0.00650296	83.9254
65	0.01606955	85.2956
66	0.04781736	86.7439
67	0.19435208	88.1755
68	0.17824458	89.6423
69	0.17824458	90.2181
70	0.07985300	91.6030
71	0.04784712	92.9795
72	0.04621721	94.3694
73	0.04621721	94.8880
74	0.00462177	96.2916
75	0.00505554	97.6980
76	0.00707919	99.1164
77	0.00828725	100.5857
78	0.00843333	102.0503
79	0.00843333	102.5996
80	0.00157323	104.0394
81	0.00068037	105.5127
82	0.00087579	107.1309
83	0.00096909	108.5597
84	0.00096909	109.0905
85	0.00008475	110.5513
86	0.00009327	111.9432
87	0.00009930	113.4565
88	0.00009930	113.9764
89	0.00004496	115.3467
90	0.00000587	116.7569
91	0.00000828	118.1982
92	0.00000970	119.6066
93	0.00000999	120.9660
94	0.00000999	121.5064
95	0.00000439	122.9565
96	0.00000067	124.3362
97	0.00000089	125.7646
98	0.00000099	127.1840
99	0.00000099	127.7454
100	0.00000044	129.1128
101	0.00000007	130.5578
102	0.00000009	131.9320
103	0.00000010	133.3052
104	0.00000010	133.8250
105	0.00000004	135.2923
106	0.00000001	136.7773
107	0.00000001	138.1838
108	0.00000001	139.7186
109	0.00000001	140.2591
